id,task,status,acceptance_criteria,validation_command,completed_at,retry_count,notes
1,Confirm split target,DONE,Plan response helpers are pure route-local functions,nl -ba server/lib/routes.js,2026-05-15T00:05:17+08:00,0,"planSummary/progressSummary and helpers are pure response-shaping code"
2,Extract plan response helpers,DONE,Helpers are isolated and unit-covered,timeout 60s node server/test/plan-response-run-tests.js,2026-05-15T00:08:35+08:00,0,"Extracted server/lib/plan-response.js and covered summary/progress shapes"
3,Run validation,DONE,Route/progress tests and syntax check pass,timeout 60s npm run check,2026-05-15T00:08:35+08:00,0,"plan-response test, progress-events test, and npm run check passed"
4,Record commit status,FAILED,Changes are committed or git blocker documented,git add server/lib/routes.js server/lib/plan-response.js server/test/plan-response-run-tests.js package.json .codex-tasks/20260515-plan-response-split/SPEC.md .codex-tasks/20260515-plan-response-split/TODO.csv .codex-tasks/20260515-plan-response-split/PROGRESS.md && git commit -m "refactor: split plan response summaries",2026-05-15T00:08:35+08:00,1,"Blocked: fatal unable to create .git/index.lock because .git is read-only"
